name,phone
Alice,1234567890
Jhone,9876543210